,Relation Type,PAN Given,Financial Year,Total Income Shown in ITR
0,self,Y,2020 - 2021,"2020 - 2021 ** Rs 25,21,151 ~ 25 Lacs+ 2019 - 2020 ** Rs 27,35,420 ~ 27 Lacs+ 2018 - 2019 ** Rs 28,44,550 ~ 28 Lacs+ 2017 - 2018 ** Rs 1,69,74,760 ~ 1 Crore+ 2016 - 2017 ** Rs 51,54,920 ~ 51 Lacs+"
1,spouse,Y,2020 - 2021,"2020 - 2021 ** Rs 13,48,945 ~ 13 Lacs+ 2019 - 2020 ** Rs 19,34,360 ~ 19 Lacs+ 2018 - 2019 ** Rs 28,44,550 ~ 28 Lacs+ 2017 - 2018 ** Rs 1,69,74,760 ~ 1 Crore+ 2016 - 2017 ** Rs 51,54,920 ~ 51 Lacs+"
2,huf,N,,None ** Rs 0 ~ None ** Rs 0 ~ None ** Rs 0 ~ None ** Rs 0 ~ None ** Rs 0 ~
3,dependent1,N,,None ** Rs 0 ~ None ** Rs 0 ~ None ** Rs 0 ~ None ** Rs 0 ~ None ** Rs 0 ~
4,dependent2,N,,None ** Rs 0 ~ None ** Rs 0 ~ None ** Rs 0 ~ None ** Rs 0 ~ None ** Rs 0 ~
5,dependent3,N,,None ** Rs 0 ~ None ** Rs 0 ~ None ** Rs 0 ~ None ** Rs 0 ~ None ** Rs 0 ~
