,Relation Type,PAN Given,Financial Year,Total Income Shown in ITR
0,self,Y,2023 - 2024,"2023 - 2024 ** Rs 40,88,210 ~ 40 Lacs+ None ** Rs 0 ~ None ** Rs 0 ~ None ** Rs 0 ~ None ** Rs 0 ~"
1,spouse,Y,2023 - 2024,"2023 - 2024 ** Rs 46,36,645 ~ 46 Lacs+ None ** Rs 0 ~ None ** Rs 0 ~ None ** Rs 0 ~ None ** Rs 0 ~"
2,huf,N,,None ** Rs 0 ~ None ** Rs 0 ~ None ** Rs 0 ~ None ** Rs 0 ~ None ** Rs 0 ~
3,dependent1,N,,None ** Rs 0 ~ None ** Rs 0 ~ None ** Rs 0 ~ None ** Rs 0 ~ None ** Rs 0 ~
4,dependent2,N,,None ** Rs 0 ~ None ** Rs 0 ~ None ** Rs 0 ~ None ** Rs 0 ~ None ** Rs 0 ~
5,dependent3,Y,2019 - 2020,"2019 - 2020 ** Rs 4,75,228 ~ 4 Lacs+ None ** Rs 0 ~ None ** Rs 0 ~ None ** Rs 0 ~ None ** Rs 0 ~"
