,constituency,party,so_do_wo,age,voter_in,profession,spouse_profession,n_crime_cases,assets,liabilities
0,PARAVUR (ERNAKULAM),INC,Lt. Damodara Menon,56,"Parur (Kerala) constituency, at Serial no 226 in Part no 109",Lawyer,House Wife,7,"Rs 6,69,12,677 ~6 Crore+",Nil
