,0,1,2,3,4,5,6,7,8
0,Sr No,Description,self,spouse,huf,dependent1,dependent2,dependent3,
1,i,Agricultural Land,"Land at Sarah Mohal Chetru, Khata No.65, Khotani No.121, Teh. Dharamshala Dist. Kangra, H.P.  Total Area 0-27-74 Hect. Built Up Area Whether Inherited N Purchase Date 0000-00-00 Purchase Cost 372000.00 Development Cost 0.00  15,00,734 15 Lacs+ Land at Matour Mohal Matour, Khata No.51, Khatoni No.29, Teh. & Dist. Kangra  Total Area 0-09-53 Hect. Built Up Area Whether Inherited N Purchase Date 2005-10-01 Purchase Cost 190000.00 Development Cost 0.00  52,50,077 52 Lacs+ Land at Ghurkari Mohal Kohala, Khatoni No.440, 563,440,570, Teh. & Dist. Kangra  Total Area 0-70-09 Hect. Built Up Area Whether Inherited N Purchase Date 2010-00-00 Purchase Cost 0.00 Development Cost 0.00  2,81,06,090 2 Crore+ Land at Gaggal Mohal Gaggal, Khata No.158 Khotani No.251, Teh. & Dist. Kangra  Total Area 0-03-94 Hect Built Up Area Whether Inherited N Purchase Date 2009-05-28 Purchase Cost 362000.00 Development Cost 0.00  60,76,268 60 Lacs+ Land at Sahoura Mohal Abdullapur, Khasra No.221, Teh. & Dist.-Kangra  Total Area 0-03-69 Hect Built Up Area Whether Inherited N Purchase Date 2008-04-25 Purchase Cost 50500.00 Development Cost 0.00  9,58,293 9 Lacs+ Land at Sarah Mohal Chetru, Khata No.58, Khotani No.117-118, Teh. Dharamshala, Dist.Kangra, H.P.  Total Area 0-26-62 Hect Built Up Area Whether Inherited N Purchase Date 2011-07-13 Purchase Cost 372000.00 Development Cost 0.00  14,40,142 14 Lacs+ Land at Sahoura Mohal Abdullapur, Khata No.306, Khatoni No.467, Teh. & Dist. Kangra  Total Area 0-07-09 Hect Built Up Area Whether Inherited N Purchase Date 2006-05-12 Purchase Cost 300000.00 Development Cost 0.00  18,41,273 18 Lacs+ Land at Matour Mohal Matour, Khata No.51, Khatoni No.69, Teh. & Dist. Kangra  Total Area 0-03-69 Hect Built Up Area Whether Inherited N Purchase Date 2009-12-02 Purchase Cost 547000.00 Development Cost 0.00  20,32,821 20 Lacs+ Land at Ichhi, Mohal Ichhi, Khata No.111, Khatoni No.164 Min, Khasra No.1354/943, 1356/944 & Khata No.113 Min, Khatoni No.166, Khasra No.941, Teh. & Dist. Kangra  Total Area 0-14-22 Hect Built Up Area Whether Inherited N Purchase Date 2014-12-11 Purchase Cost 1681000.00 Development Cost 0.00  29,27,898 29 Lacs+ Land at Ichhi, Mohal Ichhi, Khata No.111, Khatoni No.164 Min, Khasra No.1354/943, 1356/944 & Khata No.113 Min Khata No.166, Khasra No.974, Teh & Dist. Kangra  Total Area 0-14-23 Hect Built Up Area Whether Inherited N Purchase Date 2014-11-15 Purchase Cost 1680000.00 Development Cost 0.00  29,29,957 29 Lacs+ Land at Matour, Mohal Matour, Khata No.103, Khatoni No.166, Teh & Dist. Kangra  Total Area 0-05-88 Hect Built Up Area Whether Inherited N Purchase Date 2012-10-07 Purchase Cost 400000.00 Development Cost 0.00  32,39,292 32 Lacs+ Land at Sarah Mohal Jatehar Moja Sarah Patwar Circle Chetru, Khata No.21, 64, Khotani No.42,120, Khasra No.1179/127, 1180/127,1175/125, 1177/126, 129,130,131,132, Kita 2 and 6 Teh. Dharamshala Dist. Kangra, H.P.  Total Area 00-13-87 Hect Built Up Area Whether Inherited N Purchase Date 2022-10-30 Purchase Cost 1085000.00 Development Cost 0.00  10,89,000 10 Lacs+ Land at Ichhi Mohal Jhikli Ichhi, Khata No.112, Khatoni No.165, Khasra No.920,937, Kita 2, Teh & Dist. Kangra  Total Area 0-06-75 Hect Built Up Area Whether Inherited N Purchase Date 2022-06-17 Purchase Cost 1085000.00 Development Cost 0.00  14,32,000 14 Lacs+","Land at Mohal Kanjehar Patwar Circle Ujjain, Khewat No.38,39  Total Area 0-02-68 Hect (0.06 Acres) Built Up Area Whether Inherited Y Purchase Date 0000-00-00 Purchase Cost 0.00 Development Cost 0.00  13,29,548 13 Lacs+",Nil,Nil,Nil,Nil,"Rs 6,01,53,393 6 Crore+"
2,ii,Non Agricultural Land,"Matour Mohal Patarkar, Khata No.263, Khatoni No.360, Khata No.64, Teh. & Dist.-Kangra  Total Area 0-08-05 Hect Built Up Area Whether Inherited N Purchase Date 2007-07-04 Purchase Cost 121000.00 Development Cost 0.00  44,34,745 44 Lacs+ Land at Abdullapur Mohal Balla, Khata No.58, Khatoni No.77, Teh & Dist. Kangra  Total Area 00-19-73 Hect Built Up Area Whether Inherited N Purchase Date 2007-07-07 Purchase Cost 1800000.00 Development Cost 0.00  19,19,729 19 Lacs+ Land at Sahoura Ichhi Mohal Abdullapur, Khata No.51, Khatoni No.29, Teh. & Dist. Kangra  Total Area 0-38-30 hect Built Up Area Whether Inherited Y Purchase Date 0000-00-00 Purchase Cost 0.00 Development Cost 0.00  0*(Value Not Given)",Nil,Nil,Nil,Nil,Nil,"Rs 63,54,474 63 Lacs+"
3,iii,Commercial Buildings,Nil,Nil,Nil,Nil,Nil,Nil,Nil
4,iv,Residential Buildings,"Matour Mohal Patarkar, Khata No.263, Khatoni No.360  Total Area 1500 Sq.Ft. Built Up Area Whether Inherited N Purchase Date 2007-07-04 Purchase Cost 121000.00 Development Cost 3000000.00  88,20,500 88 Lacs+ Land Abdullapur at Mohal Balla, Khata No.58 Khatoni No.77  Total Area 6200 Sq.Ft. Built Up Area Whether Inherited N Purchase Date 2007-07-07 Purchase Cost 1800000.00 Development Cost 15000000.00  2,00,00,000 2 Crore+",Nil,Nil,Nil,Nil,Nil,"Rs 2,88,20,500 2 Crore+"
5,v,Others,Nil,Nil,Nil,Nil,Nil,Nil,Nil
6,Total Current Market Value of (i) to (v) (as per Affidavit),Total Current Market Value of (i) to (v) (as per Affidavit),"12,53,94,889 12 Crore+","13,29,548 13 Lacs+",Nil,Nil,Nil,Nil,"Rs 12,67,24,437 12 Crore+"
7,Totals Calculated,Totals Calculated,"Rs 9,39,98,819 9 Crore+","Rs 13,29,548 13 Lacs+",Nil,Nil,Nil,Nil,"Rs 9,53,28,367 9 Crore+"
