,Relation Type,PAN Given,Financial Year,Total Income Shown in ITR
0,self,Y,2019 - 2020,"2019 - 2020 ** Rs 10,76,720 ~ 10 Lacs+ 2018 - 2019 ** Rs 17,47,029 ~ 17 Lacs+ 2017 - 2018 ** Rs 14,30,052 ~ 14 Lacs+ 2016 - 2017 ** Rs 12,51,462 ~ 12 Lacs+ 2015 - 2016 ** Rs 11,66,049 ~ 11 Lacs+"
1,spouse,Y,2019 - 2020,"2019 - 2020 ** Rs 3,28,500 ~ 3 Lacs+ 2018 - 2019 ** Rs 3,28,500 ~ 3 Lacs+ 2017 - 2018 ** Rs 3,57,499 ~ 3 Lacs+ 2016 - 2017 ** Rs 3,24,917 ~ 3 Lacs+ 2015 - 2016 ** Rs 3,66,650 ~ 3 Lacs+"
2,huf,N,,None ** Rs 0 ~ None ** Rs 0 ~ None ** Rs 0 ~ None ** Rs 0 ~ None ** Rs 0 ~
3,dependent1,N,,None ** Rs 0 ~ None ** Rs 0 ~ None ** Rs 0 ~ None ** Rs 0 ~ None ** Rs 0 ~
4,dependent2,N,,None ** Rs 0 ~ None ** Rs 0 ~ None ** Rs 0 ~ None ** Rs 0 ~ None ** Rs 0 ~
5,dependent3,N,,None ** Rs 0 ~ None ** Rs 0 ~ None ** Rs 0 ~ None ** Rs 0 ~ None ** Rs 0 ~
