,0,1,2,3,4,5,6,7,8
0,Sr No,Description,self,spouse,huf,dependent1,dependent2,dependent3,
1,i,Agricultural Land,"(1) Mouza Jhikra P.S. Rejinagar Kh.No. 8687, (2) Gopejan Mouza P.S. Berhampore Plot No.6133/6134, (3) Mouza Kashipur P.S. Rejinagar Kh.No.1870, Date of Purchase. 24/08/2016, 10/01/2015, 25/02/2004, cost of land 800000/-, 465780/-, 100590/-  Total Area 1.7 acres Built Up Area Whether Inherited N Purchase Date 0000-00-00 Purchase Cost 0.00 Development Cost 0.00  13,66,370 13 Lacs+","Goaljan Mouza P.S. Berhampore Plot No.6133/6134  Total Area 0.065 acre Built Up Area Whether Inherited N Purchase Date 2004-08-02 Purchase Cost 200000.00 Development Cost 0.00  2,00,000 2 Lacs+",Nil,Nil,Nil,Nil,"Rs 15,66,370 15 Lacs+"
2,ii,Non Agricultural Land,Nil,Nil,Nil,Nil,Nil,Nil,Nil
3,iii,Commercial Buildings,Nil,Nil,Nil,Nil,Nil,Nil,Nil
4,iv,Residential Buildings,"Flat Sukhobristi Appt New Town, Rajarhat Kolkata 35  Total Area 870 sq.ft Built Up Area 750 sq.ft Whether Inherited N Purchase Date 2014-01-01 Purchase Cost 1300000.00 Development Cost 0.00  35,00,000 35 Lacs+ Flat at Colin Street, Kolkata, 5th Floor  Total Area 655 sq.ft Built Up Area 560 sq.ft Whether Inherited N Purchase Date 2013-01-01 Purchase Cost 2700000.00 Development Cost 0.00  35,00,000 35 Lacs+","Mouza Manikyahar Kh No.95 Plot No.4402, 4404  Total Area 3500 sq.ft Built Up Area 2500 sq.ft Whether Inherited N Purchase Date 2001-01-01 Purchase Cost 200000.00 Development Cost 0.00  80,00,000 80 Lacs+",Nil,"Flat Agnibina Abasan Flat no.C-3, 86 Exhibition Bagan Road Berhampore Murshidabad  Total Area 1000 sq.ft Built Up Area 890 sq.ft Whether Inherited N Purchase Date 2012-01-01 Purchase Cost 1200000.00 Development Cost 0.00  25,00,000 25 Lacs+ Garage Building & Godown at Mouza Manikyahar  Total Area 1500 sq.ft Built Up Area 1300 sq.ft Whether Inherited N Purchase Date 2010-01-01 Purchase Cost 100000.00 Development Cost 0.00  22,00,000 22 Lacs+",Nil,Nil,"Rs 1,97,00,000 1 Crore+"
5,v,Others,Nil,Nil,Nil,Nil,Nil,Nil,Nil
6,Total Current Market Value of (i) to (v) (as per Affidavit),Total Current Market Value of (i) to (v) (as per Affidavit),"83,66,370 83 Lacs+","80,00,000 80 Lacs+",Nil,"47,00,000 47 Lacs+",Nil,Nil,"Rs 2,10,66,370 2 Crore+"
7,Totals Calculated,Totals Calculated,"Rs 83,66,370 83 Lacs+","Rs 82,00,000 82 Lacs+",Nil,"Rs 47,00,000 47 Lacs+",Nil,Nil,"Rs 2,12,66,370 2 Crore+"
