,constituency,party,so_do_wo,age,voter_in,profession,spouse_profession,n_crime_cases,assets,liabilities
0,BHANDARI (ST) (WOKHA),NPF,John Kikon,47,"40 Bhandari (Nagaland) constituency, at Serial no 215 in Part no 45",Advocate,Homemaker,Crime-O-Meter Cases0 No criminal cases,"Rs 5,80,00,000 ~5 Crore+",Nil
