,0,1,2,3,4,5,6,7,8
0,Sr No,Description,self,spouse,huf,dependent1,dependent2,dependent3,
1,i,Agricultural Land,Nil,"Garden Pass No 4/95(B)  Total Area 144 Sqmt Built Up Area Whether Inherited N Purchase Date 0000-00-00 Purchase Cost 10000.00 Development Cost 0.00  5,00,000 5 Lacs+ LSC No: LLI/G-19 of 2013  Total Area 1.33 sqft Built Up Area Whether Inherited N Purchase Date 0000-00-00 Purchase Cost 9000.00 Development Cost 0.00  10,00,000 10 Lacs+",Nil,Nil,Nil,Nil,"Rs 15,00,000 15 Lacs+"
2,ii,Non Agricultural Land,"Village House Pass No 035 of 2019  Total Area 12075 Sq.m Built Up Area Whether Inherited N Purchase Date 0000-00-00 Purchase Cost 130000.00 Development Cost 0.00  2,30,000 2 Lacs+ LSC No 26 of 1981  Total Area Built Up Area Whether Inherited Y Purchase Date 0000-00-00 Purchase Cost 0.00 Development Cost 0.00  1,20,000 1 Lacs+ LSC No: 237/2018  Total Area 144 sq.mt Built Up Area Whether Inherited Y Purchase Date 0000-00-00 Purchase Cost 0.00 Development Cost 0.00  5,00,000 5 Lacs+","LSC No: 30TLB of 1958 located at Tlabung  Total Area 236 sqmt 0.17 bigha Built Up Area Whether Inherited Y Purchase Date 0000-00-00 Purchase Cost 0.00 Development Cost 0.00  10,00,000 10 Lacs+",Nil,Nil,Nil,Nil,"Rs 18,50,000 18 Lacs+"
3,iii,Commercial Buildings,Nil,Nil,Nil,Nil,Nil,Nil,Nil
4,iv,Residential Buildings,Nil,"House Pas no 63 of 1988  Total Area 884 sq.ft Built Up Area 884 sq.ft Whether Inherited Y Purchase Date 0000-00-00 Purchase Cost 0.00 Development Cost 0.00  35,00,000 35 Lacs+",Nil,Nil,Nil,Nil,"Rs 35,00,000 35 Lacs+"
5,v,Others,Nil,Nil,Nil,Nil,Nil,Nil,Nil
6,Total Current Market Value of (i) to (v) (as per Affidavit),Total Current Market Value of (i) to (v) (as per Affidavit),"8,50,000 8 Lacs+","60,00,000 60 Lacs+",Nil,Nil,Nil,Nil,"Rs 68,50,000 68 Lacs+"
7,Totals Calculated,Totals Calculated,"Rs 8,50,000 8 Lacs+","Rs 60,00,000 60 Lacs+",Nil,Nil,Nil,Nil,"Rs 68,50,000 68 Lacs+"
