,Relation Type,PAN Given,Financial Year,Total Income Shown in ITR
0,self,Y,2021 - 2022,"2021 - 2022 ** Rs 4,94,500 ~ 4 Lacs+ 2020 - 2021 ** Rs 4,90,180 ~ 4 Lacs+ 2019 - 2020 ** Rs 3,69,108 ~ 3 Lacs+ 2018 - 2019 ** Rs 3,33,984 ~ 3 Lacs+ 2017 - 2018 ** Rs 2,49,500 ~ 2 Lacs+"
1,spouse,Y,2021 - 2022,"2021 - 2022 ** Rs 2,85,500 ~ 2 Lacs+ 2020 - 2021 ** Rs 2,61,400 ~ 2 Lacs+ 2019 - 2020 ** Rs 3,57,060 ~ 3 Lacs+ None ** Rs 0 ~ None ** Rs 0 ~"
2,huf,N,,None ** Rs 0 ~ None ** Rs 0 ~ None ** Rs 0 ~ None ** Rs 0 ~ None ** Rs 0 ~
3,dependent1,N,,None ** Rs 0 ~ None ** Rs 0 ~ None ** Rs 0 ~ None ** Rs 0 ~ None ** Rs 0 ~
4,dependent2,N,,None ** Rs 0 ~ None ** Rs 0 ~ None ** Rs 0 ~ None ** Rs 0 ~ None ** Rs 0 ~
5,dependent3,N,,None ** Rs 0 ~ None ** Rs 0 ~ None ** Rs 0 ~ None ** Rs 0 ~ None ** Rs 0 ~
