,Relation Type,PAN Given,Financial Year,Total Income Shown in ITR
0,self,Y,,None ** Rs 0 ~ None ** Rs 0 ~ None ** Rs 0 ~ None ** Rs 0 ~ None ** Rs 0 ~
1,spouse,Y,,None ** Rs 0 ~ None ** Rs 0 ~ None ** Rs 0 ~ None ** Rs 0 ~ None ** Rs 0 ~
2,huf,,,** Nil  ** Nil  ** Nil  ** Nil  ** Nil
3,dependent1,Y,2022 - 2023,"2022 - 2023 ** Rs 47,15,405 ~ 47 Lacs+ None ** Rs 0 ~ None ** Rs 0 ~ None ** Rs 0 ~ None ** Rs 0 ~"
4,dependent2,Y,,None ** Rs 0 ~ None ** Rs 0 ~ None ** Rs 0 ~ None ** Rs 0 ~ None ** Rs 0 ~
5,dependent3,N,,None ** Rs 0 ~ None ** Rs 0 ~ None ** Rs 0 ~ None ** Rs 0 ~ None ** Rs 0 ~
