,Relation Type,PAN Given,Financial Year,Total Income Shown in ITR
0,self,Y,2023 - 2024,"2023 - 2024 ** Rs 2,60,000 ~ 2 Lacs+ 2022 - 2023 ** Rs 2,60,000 ~ 2 Lacs+ 2021 - 2022 ** Rs 2,30,000 ~ 2 Lacs+ 2020 - 2021 ** Rs 2,20,000 ~ 2 Lacs+ 2019 - 2020 ** Rs 2,10,000 ~ 2 Lacs+"
1,spouse,Y,,None ** Rs 0 ~ None ** Rs 0 ~ None ** Rs 0 ~ None ** Rs 0 ~ None ** Rs 0 ~
2,huf,N,,None ** Rs 0 ~ None ** Rs 0 ~ None ** Rs 0 ~ None ** Rs 0 ~ None ** Rs 0 ~
3,dependent1,N,,None ** Rs 0 ~ None ** Rs 0 ~ None ** Rs 0 ~ None ** Rs 0 ~ None ** Rs 0 ~
4,dependent2,N,,None ** Rs 0 ~ None ** Rs 0 ~ None ** Rs 0 ~ None ** Rs 0 ~ None ** Rs 0 ~
5,dependent3,N,,None ** Rs 0 ~ None ** Rs 0 ~ None ** Rs 0 ~ None ** Rs 0 ~ None ** Rs 0 ~
