,constituency,party,so_do_wo,age,voter_in,profession,spouse_profession,n_crime_cases,assets,liabilities
0,KHANAPUR (ST) (NIRMAL),INC,Vedma Bheemrao,37,"6 Khanapur (Telangana) constituency, at Serial no 114 in Part no 217",Agriculture,Govt. Teacher,52,"Rs 24,30,000 ~24 Lacs+","Rs 21,90,386 ~21 Lacs+"
