,0,1,2,3,4,5,6,7,8
0,Sr No,Description,self,spouse,huf,dependent1,dependent2,dependent3,
1,i,Agricultural Land,"Gungraal Chatra, Illawala, Mysore- 63  Total Area 4A - 06G Built Up Area Whether Inherited Y Purchase Date 0000-00-00 Purchase Cost 0.00 Development Cost 0.00  1,30,00,000 1 Crore+ Gungraal Chatra, Illawala, Mysore  Total Area 0.36 G Built Up Area Whether Inherited Y Purchase Date 0000-00-00 Purchase Cost 2500.00 Development Cost 0.00  20,00,000 20 Lacs+ Gungraal Chatra, Illawala, Mysore- 64  Total Area 2A - 12G Built Up Area Whether Inherited N Purchase Date 1990-07-25 Purchase Cost 400000.00 Development Cost 0.00  70,00,000 70 Lacs+ Ratna Village Illavali, Hobli- Mysore TQ- 52  Total Area 10A Built Up Area Whether Inherited N Purchase Date 0000-00-00 Purchase Cost 100000.00 Development Cost 0.00  1,10,00,000 1 Crore+ Ratna Village Illavali, Hobli- Mysore TQ- 52 Total Area 2A - 8G Built Up Area Whether Inherited N Purchase Date 1988-02-25 Purchase Cost 5000.00 Development Cost 0.00  40,00,000 40 Lacs+ Chokkahalli, KR Nagar- Tq- 39/A, 39/A, 56/3A  Total Area 4A Built Up Area Whether Inherited N Purchase Date 1993-02-27 Purchase Cost 172000.00 Development Cost 0.00  40,00,000 40 Lacs+ Chokkahalli, KR Nagar- Sy.no: 57/2  Total Area 1A -04G Built Up Area Whether Inherited N Purchase Date 2009-02-02 Purchase Cost 120000.00 Development Cost 0.00  12,00,000 12 Lacs+ Chokkahalli, KR Nagar- Tq. Total Area 1A -07G Built Up Area Whether Inherited N Purchase Date 2011-08-27 Purchase Cost 353000.00 Development Cost 0.00  12,00,000 12 Lacs+",Nil,Nil,Nil,Nil,Nil,"Rs 4,34,00,000 4 Crore+"
2,ii,Non Agricultural Land,"Huhilallu, Illava Hobli- Mysore- Tq, Sy. no: 72/1  Total Area 15246Sqft Built Up Area Whether Inherited N Purchase Date 1984-04-17 Purchase Cost 6000.00 Development Cost 0.00  25,00,000 25 Lacs+ Vijaya Nagar, 4th stage, Mysore  Total Area 4923Sqft Built Up Area 4000sqft Whether Inherited N Purchase Date 1994-08-13 Purchase Cost 1500000.00 Development Cost 0.00  1,00,00,000 1 Crore+","Dhattahalli Mysore Sy.no: 32/A  Total Area 3600sqft Built Up Area Whether Inherited N Purchase Date 1990-12-24 Purchase Cost 900000.00 Development Cost 0.00  60,00,000 60 Lacs+ Gungraal Chatra, Illawala, Mysore- Sy.no: 25 Total Area 2400sqft Built Up Area Whether Inherited Y Purchase Date 2021-01-05 Purchase Cost 0.00 Development Cost 0.00  30,00,000 30 Lacs+",Nil,Nil,Nil,Nil,"Rs 2,15,00,000 2 Crore+"
3,iii,Commercial Buildings,Nil,Nil,Nil,Nil,Nil,Nil,Nil
4,iv,Residential Buildings,"# 509, Vijayanagar, 1st stage, Mysore, & #508- Vijayanagar, 1st stage, Mysore  Total Area 8499.25 Built Up Area 5000sqft Whether Inherited N Purchase Date 2000-11-27 Purchase Cost 1050000.00 Development Cost 220549399.00  3,50,25,150 3 Crore+ #46/1, 13th Main road, Shadhashivanagar, Bangalore  Total Area 4800Sqft Built Up Area 4800sqft Whether Inherited N Purchase Date 2017-04-05 Purchase Cost 68175560.00 Development Cost 0.00  7,50,00,000 7 Crore+","# 30, Manjunath Layout, Hunasuru  Total Area 6000sqft Built Up Area 3500sqft Whether Inherited N Purchase Date 2004-12-08 Purchase Cost 180000.00 Development Cost 2920000.00  90,00,000 90 Lacs+",Nil,Nil,Nil,Nil,"Rs 11,90,25,150 11 Crore+"
5,v,Others,Nil,Nil,Nil,Nil,Nil,Nil,Nil
6,Total Current Market Value of (i) to (v) (as per Affidavit),Total Current Market Value of (i) to (v) (as per Affidavit),"16,59,25,150 16 Crore+","1,80,00,000 1 Crore+",Nil,Nil,Nil,Nil,"Rs 18,39,25,150 18 Crore+"
7,Totals Calculated,Totals Calculated,"Rs 16,59,25,150 16 Crore+","Rs 1,80,00,000 1 Crore+",Nil,Nil,Nil,Nil,"Rs 18,39,25,150 18 Crore+"
